1    poonam
2    harshal
1    poonam
1    eee
0    
0    
0    
0    
0    
0    
0    
0    
0    
0    
0    
0    
0    
0    
0    
0    
0    
0    
0    
0    
0    
0    
0    
0    
0    
0    
0    
0    
0    
0    
0    
0    
0    
0    
0    
0    
0    
0    
0    
0    
0    
0    
0    
0    
0    
0    
0    
0    
0    
0    
0    
0    
0    
0    
0    
0    
0    
0    
0    
0    
0    
0    
0    
0    
0    
0    
0    
0    
0    
0    
0    
0    
0    
0    
0    
0    
0    
0    
0    
0    
0    
0    
0    
0    
0    
0    
0    
0    
0    
0    
0    
0    
0    
0    
0    
0    
0    
0    
0    
0    
1    poonam
